function E=funE(p)
E=1531.868406+5.474444341*p-0.0010824814*p*p+0.0001000378*p*p*p;
end